vision_x,vision_y,vision_z,mocap_x,mocap_y,mocap_z,quad_x,quad_y,quad_z,quad_roll,quad_pitch,quad_yaw,error_x,error_y,error_z,t
0,0,0,0,0,0,0,0,0,0,0,0,0,0,0,1655215908
0,0,0,0.841929,0.81881,0.258913,-0.263411,-0.460641,0.200719,0.018249,-0.012346,0.0656144,0.841929,0.81881,0.258913,1655215908
0,0,0,0.841916,0.818788,0.258956,-0.263424,-0.460884,0.200891,0.0204614,-0.0102043,0.0643677,0.841916,0.818788,0.258956,1655215908
0,0,0,0.841914,0.81885,0.258854,-0.263447,-0.460832,0.200813,0.0206587,-0.0103937,0.0642906,0.841914,0.81885,0.258854,1655215909
0,0,0,0.84193,0.818777,0.258891,-0.263436,-0.460689,0.200719,0.0182305,-0.01231,0.0655166,0.84193,0.818777,0.258891,1655215909
0,0,0,0.841738,0.818942,0.25873,-0.263433,-0.460689,0.200743,0.0182789,-0.0124282,0.0653816,0.841738,0.818942,0.25873,1655215910
0,0,0,0.841906,0.818851,0.258843,-0.263447,-0.460639,0.200599,0.0182309,-0.0124312,0.0656856,0.841906,0.818851,0.258843,1655215910
0,0,0,0.843004,0.819115,0.258779,-0.263416,-0.460683,0.200711,0.0183372,-0.0123541,0.0654015,0.843004,0.819115,0.258779,1655215911
0,0,0,0.841923,0.818829,0.258898,-0.26343,-0.460667,0.200672,0.0182057,-0.0124552,0.0656407,0.841923,0.818829,0.258898,1655215911
0,0,0,0.841888,0.81878,0.258928,-0.263424,-0.460701,0.20074,0.0180741,-0.0121726,0.0653847,0.841888,0.81878,0.258928,1655215911
0,0,0,0.841917,0.81884,0.258906,-0.263441,-0.460627,0.200652,0.018263,-0.0126549,0.0656336,0.841917,0.81884,0.258906,1655215912
0,0,0,0.841888,0.818816,0.258875,-0.26343,-0.460634,0.200643,0.0182358,-0.0128433,0.0655993,0.841888,0.818816,0.258875,1655215912
0,0,0,0.841898,0.818788,0.258935,-0.263429,-0.4607,0.200729,0.0184047,-0.0121658,0.0655572,0.841898,0.818788,0.258935,1655215913
0,0,0,0.841916,0.81884,0.25889,-0.263421,-0.460671,0.200664,0.018294,-0.0123194,0.0657259,0.841916,0.81884,0.25889,1655215913
0,0,0,0.842585,0.818979,0.258812,-0.263429,-0.460688,0.200709,0.0182774,-0.0121796,0.0654589,0.842585,0.818979,0.258812,1655215913
0,0,0,0.842543,0.819002,0.258735,-0.263426,-0.460683,0.200641,0.0181752,-0.0125609,0.0654971,0.842543,0.819002,0.258735,1655215914
0,0,0,0.841912,0.818794,0.258937,-0.263448,-0.460683,0.200673,0.0181491,-0.0123949,0.0655829,0.841912,0.818794,0.258937,1655215914
0,0,0,0.841907,0.818802,0.258903,-0.263445,-0.46068,0.200647,0.0182063,-0.0126217,0.0654293,0.841907,0.818802,0.258903,1655215914
0,0,0,0.841915,0.818821,0.258939,-0.263429,-0.460673,0.200648,0.0184948,-0.0122983,0.0656043,0.841915,0.818821,0.258939,1655215915
0,0,0,0.841906,0.81878,0.25892,-0.26342,-0.460703,0.20073,0.0182163,-0.0124261,0.0652512,0.841906,0.81878,0.25892,1655215915
0,0,0,0.841894,0.818821,0.258876,-0.263435,-0.460684,0.200668,0.0184193,-0.012552,0.0655586,0.841894,0.818821,0.258876,1655215915
0,0,0,0.841897,0.818852,0.258883,-0.263424,-0.460637,0.200624,0.0182924,-0.0127894,0.0656905,0.841897,0.818852,0.258883,1655215916
0,0,0,0.841885,0.818838,0.258821,-0.263442,-0.460625,0.200619,0.0182555,-0.0123315,0.0655733,0.841885,0.818838,0.258821,1655215916
0,0,0,0.841889,0.818768,0.258966,-0.263457,-0.460717,0.200732,0.0183694,-0.0122508,0.0654448,0.841889,0.818768,0.258966,1655215916
0,0,0,0.841919,0.818815,0.258888,-0.263448,-0.460674,0.200663,0.0182864,-0.0123546,0.0656608,0.841919,0.818815,0.258888,1655215917
0,0,0,0.841913,0.818811,0.258889,-0.263458,-0.46067,0.200613,0.0183415,-0.0120699,0.065609,0.841913,0.818811,0.258889,1655215917
0,0,0,0.841922,0.818826,0.258854,-0.263428,-0.460847,0.200747,0.0208289,-0.0105692,0.0644538,0.841922,0.818826,0.258854,1655215918
0,0,0,0.841943,0.818798,0.258941,-0.263431,-0.460689,0.200694,0.0180657,-0.0123824,0.0655839,0.841943,0.818798,0.258941,1655215918
0,0,0,0.841933,0.818812,0.258923,-0.263452,-0.460689,0.200636,0.0182806,-0.0123249,0.0655019,0.841933,0.818812,0.258923,1655215918
0,0,0,0.842222,0.818242,0.260085,-0.263146,-0.461437,0.201457,0.0200759,-0.0135084,0.0654501,0.842222,0.818242,0.260085,1655215919
0,0,0,0.842222,0.818261,0.260104,-0.263134,-0.461426,0.201446,0.0201816,-0.0136264,0.0654122,0.842222,0.818261,0.260104,1655215919
0,0,0,0.842165,0.818241,0.260091,-0.263178,-0.461434,0.201469,0.0201625,-0.0134966,0.0654631,0.842165,0.818241,0.260091,1655215920
0,0,0,0.842202,0.818216,0.26012,-0.263148,-0.461451,0.20155,0.0199922,-0.0133538,0.0650934,0.842202,0.818216,0.26012,1655215920
0,0,0,0.842177,0.818256,0.260097,-0.263182,-0.461444,0.201463,0.0200586,-0.0133625,0.0655201,0.842177,0.818256,0.260097,1655215920
0,0,0,0.842165,0.818235,0.260105,-0.263139,-0.461474,0.201428,0.0201445,-0.0137157,0.0655267,0.842165,0.818235,0.260105,1655215921
0,0,0,0.842224,0.818252,0.260085,-0.263168,-0.461454,0.201471,0.0199676,-0.013268,0.0652389,0.842224,0.818252,0.260085,1655215921
0,0,0,0.842196,0.818242,0.260085,-0.263139,-0.461454,0.201462,0.0200426,-0.0136687,0.0653768,0.842196,0.818242,0.260085,1655215921
0,0,0,0.842161,0.818253,0.26006,-0.263146,-0.461441,0.20142,0.0204896,-0.0137515,0.0654939,0.842161,0.818253,0.26006,1655215922
0,0,0,0.843587,0.818537,0.259923,-0.263139,-0.461489,0.201498,0.0200152,-0.0134463,0.0653321,0.843587,0.818537,0.259923,1655215922
0,0,0,0.842188,0.81823,0.260089,-0.263147,-0.461482,0.201459,0.0202406,-0.0134447,0.0652904,0.842188,0.81823,0.260089,1655215922
0,0,0,0.842205,0.818228,0.260111,-0.263133,-0.461473,0.201498,0.0200646,-0.0134175,0.0654226,0.842205,0.818228,0.260111,1655215923
0,0,0,0.842164,0.818255,0.260058,-0.263118,-0.461475,0.201415,0.0204368,-0.0135247,0.0654133,0.842164,0.818255,0.260058,1655215923
0,0,0,0.842192,0.818236,0.260109,-0.263149,-0.461464,0.201463,0.0200884,-0.0134946,0.065632,0.842192,0.818236,0.260109,1655215923
0,0,0,0.84219,0.818217,0.260108,-0.263125,-0.461461,0.201471,0.0200684,-0.0135185,0.0655006,0.84219,0.818217,0.260108,1655215924
0,0,0,0.842171,0.818203,0.260109,-0.263152,-0.461476,0.201482,0.0199271,-0.0132674,0.0653642,0.842171,0.818203,0.260109,1655215924
0,0,0,0.842212,0.818245,0.260085,-0.263133,-0.461469,0.201432,0.0204033,-0.0136576,0.0654184,0.842212,0.818245,0.260085,1655215925
0,0,0,0.842206,0.818231,0.260112,-0.263172,-0.461458,0.201475,0.0198107,-0.0134759,0.0653914,0.842206,0.818231,0.260112,1655215925
0,0,0,0.84221,0.818243,0.260112,-0.263129,-0.461419,0.201439,0.0204459,-0.013552,0.0655223,0.84221,0.818243,0.260112,1655215925
0,0,0,0.843571,0.818563,0.259893,-0.263146,-0.461441,0.201489,0.0200384,-0.0132174,0.0653195,0.843571,0.818563,0.259893,1655215926
0,0,0,0.84222,0.818226,0.260104,-0.263149,-0.46145,0.201476,0.0197554,-0.0133849,0.0654106,0.84222,0.818226,0.260104,1655215926
0,0,0,0.842228,0.818222,0.260123,-0.263162,-0.461483,0.201465,0.0198859,-0.0131843,0.0653299,0.842228,0.818222,0.260123,1655215927
0,0,0,0.843606,0.818578,0.259888,-0.263153,-0.461427,0.201409,0.0200329,-0.0136449,0.0654464,0.843606,0.818578,0.259888,1655215927
0,0,0,0.842176,0.818277,0.260073,-0.263149,-0.461432,0.201411,0.0202613,-0.0133406,0.0655747,0.842176,0.818277,0.260073,1655215928
0,0,0,0.84216,0.818199,0.260081,-0.263152,-0.461469,0.20143,0.020373,-0.0133846,0.0655054,0.84216,0.818199,0.260081,1655215928
0,0,0,0.84247,0.818539,0.259886,-0.263142,-0.461447,0.201439,0.0202281,-0.0135087,0.0654422,0.84247,0.818539,0.259886,1655215928
0,0,0,0.842185,0.818182,0.260115,-0.263159,-0.461473,0.201498,0.0196464,-0.0132156,0.0652583,0.842185,0.818182,0.260115,1655215929
0,0,0,0.84222,0.81825,0.260095,-0.263147,-0.461411,0.201401,0.0202167,-0.0134533,0.0655307,0.84222,0.81825,0.260095,1655215929
0,0,0,0.842159,0.818193,0.260112,-0.263151,-0.461483,0.201498,0.0198586,-0.0135116,0.0653688,0.842159,0.818193,0.260112,1655215930
0,0,0,0.842226,0.818255,0.260068,-0.263151,-0.461439,0.201395,0.0204484,-0.0134036,0.0653677,0.842226,0.818255,0.260068,1655215930
0,0,0,0.842183,0.818209,0.260117,-0.263176,-0.461459,0.201457,0.0199433,-0.0133669,0.0653427,0.842183,0.818209,0.260117,1655215930
0,0,0,0.842207,0.818265,0.26008,-0.263133,-0.461432,0.201394,0.0202463,-0.0136176,0.0654164,0.842207,0.818265,0.26008,1655215931
0,0,0,0.842211,0.818228,0.26013,-0.263148,-0.461454,0.201459,0.0198482,-0.0132398,0.0653329,0.842211,0.818228,0.26013,1655215931
0,0,0,0.842212,0.818217,0.260125,-0.263179,-0.461464,0.201456,0.0200327,-0.0134204,0.0653357,0.842212,0.818217,0.260125,1655215931
0,0,0,0.84224,0.818271,0.260087,-0.26315,-0.461435,0.20139,0.0203326,-0.0138253,0.0653786,0.84224,0.818271,0.260087,1655215932
0,0,0,0.842221,0.818227,0.260139,-0.263149,-0.461498,0.201482,0.0200886,-0.0133097,0.0655668,0.842221,0.818227,0.260139,1655215932
0,0,0,0.842213,0.81822,0.260092,-0.26312,-0.46149,0.201424,0.0202859,-0.0136109,0.065322,0.842213,0.81822,0.260092,1655215933
0,0,0,0.842211,0.818232,0.260089,-0.263152,-0.461465,0.201426,0.0201992,-0.0137747,0.0653096,0.842211,0.818232,0.260089,1655215933
0,0,0,0.842203,0.818252,0.260087,-0.263163,-0.461448,0.201394,0.0200195,-0.0134095,0.0654013,0.842203,0.818252,0.260087,1655215933
0,0,0,0.842219,0.818228,0.2601,-0.26317,-0.461502,0.201432,0.0200141,-0.0132894,0.0652857,0.842219,0.818228,0.2601,1655215934
0,0,0,0.842236,0.818247,0.260077,-0.263145,-0.461459,0.201373,0.0205362,-0.0136449,0.0655157,0.842236,0.818247,0.260077,1655215934
0,0,0,0.842645,0.81834,0.260085,-0.263154,-0.461501,0.20143,0.0200425,-0.0133323,0.0653388,0.842645,0.81834,0.260085,1655215934
0,0,0,0.842221,0.818209,0.26013,-0.263151,-0.461463,0.201411,0.0202822,-0.0134651,0.0653908,0.842221,0.818209,0.26013,1655215935
0,0,0,0.842219,0.818195,0.260108,-0.263131,-0.461493,0.201413,0.0201118,-0.0134423,0.0653834,0.842219,0.818195,0.260108,1655215935
0,0,0,0.842196,0.818241,0.260107,-0.263142,-0.46145,0.201406,0.0199445,-0.0134835,0.0653958,0.842196,0.818241,0.260107,1655215936
0,0,0,0.842229,0.818213,0.260082,-0.263145,-0.461472,0.201395,0.0200663,-0.0136009,0.0654444,0.842229,0.818213,0.260082,1655215936
0,0,0,0.842243,0.818246,0.260085,-0.263147,-0.461436,0.201396,0.020071,-0.0132884,0.0653592,0.842243,0.818246,0.260085,1655215936
0,0,0,0.843594,0.818567,0.259898,-0.263161,-0.461479,0.201404,0.0200416,-0.0134425,0.0655386,0.843594,0.818567,0.259898,1655215937
0,0,0,0.842222,0.818239,0.260099,-0.26315,-0.461435,0.201403,0.0199198,-0.013574,0.0653657,0.842222,0.818239,0.260099,1655215937
0,0,0,0.842243,0.818235,0.260103,-0.263157,-0.461459,0.201427,0.020109,-0.0132961,0.0653968,0.842243,0.818235,0.260103,1655215938
0,0,0,0.842665,0.818357,0.260075,-0.263166,-0.461474,0.201445,0.019921,-0.0133668,0.0654398,0.842665,0.818357,0.260075,1655215938
0,0,0,0.842213,0.818239,0.260069,-0.263174,-0.461479,0.201409,0.0201579,-0.0136933,0.065347,0.842213,0.818239,0.260069,1655215938
0,0,0,0.842235,0.818231,0.260101,-0.26313,-0.46145,0.201384,0.0204691,-0.0137134,0.0655287,0.842235,0.818231,0.260101,1655215939
0,0,0,0.842225,0.818217,0.260109,-0.263146,-0.461442,0.201425,0.0201634,-0.0137305,0.0653624,0.842225,0.818217,0.260109,1655215939
0,0,0,0.842477,0.818502,0.260396,-0.263144,-0.461463,0.201419,0.0202624,-0.0135551,0.0652531,0.842477,0.818502,0.260396,1655215939
0,0,0,0.842251,0.818239,0.260122,-0.26314,-0.461471,0.201394,0.0202609,-0.0136618,0.0654654,0.842251,0.818239,0.260122,1655215940
0,0,0,0.842228,0.818242,0.260117,-0.263178,-0.461448,0.201444,0.0198618,-0.013302,0.0652473,0.842228,0.818242,0.260117,1655215940
0,0,0,0.842211,0.818222,0.260148,-0.262954,-0.461231,0.201253,0.019623,-0.0165767,0.0698088,0.842211,0.818222,0.260148,1655215941
0,0,0,0.842233,0.818231,0.260112,-0.263411,-0.461468,0.201551,0.0187817,-0.0132374,0.0646596,0.842233,0.818231,0.260112,1655215941
0,0,0,0.841915,0.818798,0.258936,-0.263533,-0.460688,0.200758,0.0170476,-0.0123848,0.0658294,0.841915,0.818798,0.258936,1655215942
0,0,0,0.841884,0.818807,0.258904,-0.26356,-0.460835,0.200645,0.0189811,-0.0129175,0.0648556,0.841884,0.818807,0.258904,1655215942
0,0,0,0.84189,0.818771,0.258952,-0.263655,-0.460879,0.200878,0.0166499,-0.0135497,0.0653857,0.84189,0.818771,0.258952,1655215942
0,0,0,0.841917,0.818802,0.25895,-0.265449,-0.461375,0.201877,0.0143229,-0.022131,0.0678957,0.841917,0.818802,0.25895,1655215943
0,0,0,0.842242,0.819052,0.259321,-0.265,-0.461964,0.202156,0.00812224,-0.0225053,0.0653477,0.842242,0.819052,0.259321,1655215943
0,0,0,0.841926,0.818823,0.258933,-0.266008,-0.46221,0.202118,0.0125325,-0.0268932,0.0647447,0.841926,0.818823,0.258933,1655215943
0,0,0,0.841892,0.81884,0.258875,-0.265688,-0.462486,0.204134,0.00840737,-0.0317326,0.0722952,0.841892,0.81884,0.258875,1655215944
0,0,0,0.841948,0.818863,0.258898,-0.268109,-0.463913,0.205693,0.00140386,-0.0388844,0.0606677,0.841948,0.818863,0.258898,1655215944
0,0,0,0.841917,0.81885,0.258916,-0.268732,-0.46377,0.208098,-0.0051288,-0.0462194,0.0650357,0.841917,0.81885,0.258916,1655215945
0,0,0,0.841925,0.818799,0.259003,-0.277476,-0.470527,0.215944,0.0096714,-0.0677193,0.0507576,0.841925,0.818799,0.259003,1655215945
0,0,0,0.841907,0.818768,0.258967,-0.31057,-0.488502,0.2561,0.018854,-0.0198341,0.0345476,0.841907,0.818768,0.258967,1655215945
0,0,0,0.841948,0.818794,0.258974,-0.329869,-0.502744,0.341796,0.0211177,-0.0227824,0.0273336,0.841948,0.818794,0.258974,1655215946
0,0,0,0.841947,0.818795,0.259014,-0.357929,-0.504822,0.58899,0.0187381,-0.0281797,0.0279045,0.841947,0.818795,0.259014,1655215947
0,0,0,0.841971,0.819132,0.258764,-0.360462,-0.498763,0.801747,0.00959215,-0.0140187,0.0322828,0.841971,0.819132,0.258764,1655215947
0,0,0,0.841987,0.81914,0.258743,-0.350353,-0.4936,1.04328,0.0111192,-0.0427004,0.0368545,0.841987,0.81914,0.258743,1655215948
0,0,0,0.842327,0.819288,0.258599,-0.34906,-0.486109,1.1983,0.0269472,-0.00904529,0.0472206,0.842327,0.819288,0.258599,1655215948
0,0,0,0.841998,0.819231,0.258746,-0.3445,-0.476792,1.32204,0.00469747,-0.0259174,0.0455658,0.841998,0.819231,0.258746,1655215949
0,0,0,0.842005,0.819146,0.25881,-0.345151,-0.463493,1.4213,0.0279328,-0.00873008,0.0533495,0.842005,0.819146,0.25881,1655215949
0,0,0,0.842334,0.819297,0.258625,-0.342953,-0.456308,1.45496,0.0145684,-0.0331563,0.0549435,0.842334,0.819297,0.258625,1655215950
0,0,0,0.842326,0.819294,0.258585,-0.34412,-0.452572,1.47029,0.014481,-0.0327947,0.0556466,0.842326,0.819294,0.258585,1655215950
0,0,0,0.842505,0.819135,0.258824,-0.345485,-0.449048,1.45108,0.0345327,0.0138267,0.0124346,0.842505,0.819135,0.258824,1655215951
0,0,0,0.842579,0.819238,0.258756,-0.307209,-0.43843,1.43434,0.00207218,-0.0310346,0.0116755,0.842579,0.819238,0.258756,1655215951
0,0,0,0.842564,0.819223,0.258776,-0.265338,-0.427673,1.42359,0.00809728,-0.0230037,0.0173274,0.842564,0.819223,0.258776,1655215952
0,0,0,0.842351,0.819328,0.258583,-0.208611,-0.415566,1.40973,0.00995146,-0.0232001,0.0157254,0.842351,0.819328,0.258583,1655215952
0,0,0,0.84223,0.818965,0.258982,0.0342273,-0.450574,1.25157,0.0181537,-0.029619,-1.20588,0.84223,0.818965,0.258982,1655215953
0.832691,0.805802,0.227131,0.842434,0.819288,0.258616,0.288766,-0.410026,1.19265,-0.019013,-0.0088934,-1.49892,0.00974286,0.0134865,0.0314852,1655215953
0.832691,0.805802,0.227131,0.842073,0.819434,0.258714,0.533558,-0.335293,1.15148,-0.0290601,-0.0341395,-1.55671,0.00938147,0.0136325,0.0315828,1655215954
0.789505,0.785964,0.251215,0.839876,0.821024,0.261359,0.674815,-0.279027,1.1351,-0.0401659,-0.0325324,-1.55724,0.050371,0.0350604,0.0101433,1655215954
0.796254,0.783802,0.238608,0.839622,0.820798,0.260917,0.783291,-0.228265,1.1271,-0.0460959,-0.0239815,-1.56799,0.0433681,0.0369959,0.0223089,1655215955
0.804341,0.800545,0.243033,0.839211,0.82137,0.261194,0.832426,-0.204088,1.12525,-0.0511332,-0.0260453,-1.56719,0.0348694,0.0208254,0.0181608,1655215955
0.804341,0.800545,0.243033,0.839623,0.821456,0.26138,0.847673,-0.200188,1.12361,-0.0511771,-0.0257759,-1.56518,0.0352814,0.0209115,0.0183462,1655215956
0.822774,0.797149,0.248992,0.839648,0.821481,0.261373,0.847049,-0.208701,1.12199,-0.049383,-0.019343,-1.56715,0.016874,0.0243325,0.0123817,1655215956
0.832655,0.793649,0.238291,0.83953,0.821432,0.261238,0.833203,-0.227182,1.11918,-0.0422336,-0.014772,-1.56725,0.00687504,0.0277825,0.0229468,1655215957
0.832646,0.7965,0.245523,0.839135,0.821451,0.260951,0.814926,-0.248564,1.11758,-0.0410066,-0.0148606,-1.57173,0.00648838,0.0249513,0.0154281,1655215957
0.84337,0.787777,0.237458,0.839845,0.82091,0.261344,0.801595,-0.259951,1.11497,-0.0312782,-0.0103023,-1.56865,-0.00352561,0.0331326,0.0238859,1655215958
0.823846,0.780986,0.230621,0.839436,0.82151,0.260135,0.795777,-0.263665,1.11354,-0.0411231,-0.0064109,-1.57827,0.0155903,0.0405247,0.0295137,1655215958
0.819072