vision_x,vision_y,vision_z,mocap_x,mocap_y,mocap_z,quad_x,quad_y,quad_z,quad_roll,quad_pitch,quad_yaw,error_x,error_y,error_z,t
0,0,0,0,0,0,0,0,0,0,0,0,0,0,0,1654439506
0,0,0,0.569468,0.308829,0.124097,-1.02933,0.246224,0.142942,0.00905581,-0.019506,-0.0122644,0.569468,0.308829,0.124097,1654439506
0,0,0,0.569499,0.308845,0.124138,-1.02947,0.246273,0.142517,0.00499261,-0.0150453,-0.0118401,0.569499,0.308845,0.124138,1654439506
0,0,0,0.570383,0.307332,0.123154,-1.02932,0.246189,0.142899,0.00923462,-0.0199124,-0.0122467,0.570383,0.307332,0.123154,1654439507
0,0,0,0.570048,0.308351,0.123437,-1.02932,0.246203,0.142919,0.00912099,-0.0196281,-0.0121281,0.570048,0.308351,0.123437,1654439507
0,0,0,0.569119,0.307534,0.124722,-1.02948,0.246276,0.142508,0.0049386,-0.0149788,-0.0118917,0.569119,0.307534,0.124722,1654439507
0,0,0,0.569146,0.307536,0.124662,-1.02946,0.246274,0.14252,0.00476803,-0.0153787,-0.0121681,0.569146,0.307536,0.124662,1654439508
0,0,0,0.568487,0.308141,0.125607,-1.02955,0.246066,0.142764,0.00859371,-0.0167477,-0.0103704,0.568487,0.308141,0.125607,1654439508
0,0,0,0.569148,0.307557,0.124709,-1.02932,0.24619,0.142979,0.00902055,-0.0195899,-0.0122644,0.569148,0.307557,0.124709,1654439508
0,0,0,0.569137,0.307531,0.124731,-1.02979,0.247129,0.142608,-0.00980941,-0.030658,-0.00704705,0.569137,0.307531,0.124731,1654439509
0,0,0,0.569129,0.307537,0.124705,-1.02975,0.24651,0.142762,0.00675525,-0.018415,-0.00763129,0.569129,0.307537,0.124705,1654439509
0,0,0,0.569155,0.307518,0.124695,-1.02933,0.246018,0.143064,0.00769093,-0.0212877,-0.0108503,0.569155,0.307518,0.124695,1654439509
0,0,0,0.569168,0.307574,0.12467,-1.02958,0.24606,0.142838,0.00918778,-0.0165057,-0.010469,0.569168,0.307574,0.12467,1654439510
0,0,0,0.569084,0.307548,0.12473,-1.02911,0.246294,0.142784,0.00358456,-0.0206691,-0.0130761,0.569084,0.307548,0.12473,1654439510
0,0,0,0.568436,0.308186,0.125659,-1.02938,0.246236,0.142572,0.00598535,-0.0148561,-0.012326,0.568436,0.308186,0.125659,1654439510
0,0,0,0.569163,0.307517,0.124674,-1.02951,0.246023,0.142632,0.0128782,-0.0185012,-0.0111672,0.569163,0.307517,0.124674,1654439511
0,0,0,0.569089,0.307562,0.124744,-1.02942,0.246312,0.143105,0.00252895,-0.0214254,-0.00940743,0.569089,0.307562,0.124744,1654439511
0,0,0,0.569193,0.307528,0.124687,-1.02936,0.246182,0.142926,0.00933326,-0.0197331,-0.0121121,0.569193,0.307528,0.124687,1654439511
0,0,0,0.569186,0.307551,0.124698,-1.03,0.246036,0.142337,0.0127313,-0.0102835,-0.0114339,0.569186,0.307551,0.124698,1654439511
0,0,0,0.569131,0.307541,0.124694,-1.02934,0.246179,0.142908,0.00947889,-0.0196489,-0.0119815,0.569131,0.307541,0.124694,1654439512
0,0,0,0.569138,0.307493,0.12469,-1.02936,0.246237,0.143014,0.00854175,-0.0187971,-0.0116178,0.569138,0.307493,0.12469,1654439512
0,0,0,0.568474,0.308158,0.125637,-1.02928,0.246254,0.143047,0.00980892,-0.0211328,-0.0129016,0.568474,0.308158,0.125637,1654439512
0,0,0,0.568435,0.308136,0.125694,-1.02958,0.246075,0.142803,0.00871741,-0.017192,-0.0101281,0.568435,0.308136,0.125694,1654439513
0,0,0,0.569117,0.307554,0.12477,-1.02946,0.246157,0.143025,0.0100054,-0.0195897,-0.0112421,0.569117,0.307554,0.12477,1654439513
0,0,0,0.569154,0.307553,0.124707,-1.02942,0.246469,0.142288,0.00170137,-0.0232785,-0.00865765,0.569154,0.307553,0.124707,1654439514
0,0,0,0.569078,0.307535,0.124706,-1.02961,0.246062,0.142693,0.00757828,-0.0158869,-0.0100664,0.569078,0.307535,0.124706,1654439514
0,0,0,0.568516,0.308172,0.12564,-1.02935,0.246162,0.142967,0.00890947,-0.0195756,-0.0122134,0.568516,0.308172,0.12564,1654439514
0,0,0,0.568402,0.308179,0.125689,-1.0292,0.246428,0.142628,0.00498057,-0.0183673,-0.0141562,0.568402,0.308179,0.125689,1654439515
0,0,0,0.569153,0.307515,0.124667,-1.02963,0.246077,0.142908,0.00906465,-0.0172915,-0.00973432,0.569153,0.307515,0.124667,1654439515
0,0,0,0.569125,0.307545,0.124723,-1.02947,0.246165,0.142901,0.0100377,-0.0194239,-0.0113134,0.569125,0.307545,0.124723,1654439516
0,0,0,0.569479,0.308853,0.124139,-1.03211,0.24573,0.143114,0.00590628,-0.0281219,-0.0147753,0.569479,0.308853,0.124139,1654439516
0,0,0,0.569489,0.30884,0.124156,-1.03369,0.23774,0.15137,-0.0143613,-0.0318655,-0.0288748,0.569489,0.30884,0.124156,1654439517
0.551529,0.298118,0.16303,0.569529,0.308831,0.124135,-1.03038,0.206098,0.252395,0.0206505,-0.0246878,-0.0371148,0.018,0.010713,-0.0388952,1654439517
0.546811,0.273297,0.151783,0.570509,0.307206,0.123104,-1.00761,0.175824,0.482954,0.0323785,-0.0108159,-0.0383373,0.0236982,0.0339087,-0.0286791,1654439518
0.560263,0.2749,0.182755,0.569166,0.307574,0.124728,-0.962371,0.194365,0.654222,0.0234462,-0.0326388,-0.0398687,0.00890225,0.0326741,-0.0580275,1654439519
0.556355,0.264034,0.159502,0.569133,0.307166,0.124735,-0.918224,0.224406,0.815829,0.0217165,-0.0264515,-0.030413,0.0127784,0.0431316,-0.0347666,1654439519
0.591802,0.275714,0.201112,0.569673,0.308613,0.124266,-0.884012,0.248805,0.974779,0.0130081,-0.0415944,-0.0267533,-0.0221292,0.0328993,-0.0768461,1654439520
0.59402,0.275796,0.215455,0.571619,0.307987,0.12252,-0.871944,0.265373,1.02973,0.0149448,-0.0364469,-0.0280999,-0.0224005,0.0321905,-0.0929342,1654439520
0.584304,0.26628,0.221663,0.570347,0.305563,0.122909,-0.871383,0.27322,1.03357,0.0179018,-0.0297116,-0.0179021,-0.0139572,0.0392832,-0.0987534,1654439521
0.576543,0.260322,0.206164,0.572593,0.30644,0.121951,-0.887031,0.280815,1.05314,0.023584,-0.0211537,-0.0151983,-0.00394976,0.0461173,-0.084213,1654439522
0.596719,0.270504,0.200228,0.570548,0.305576,0.123173,-0.893121,0.282339,1.08575,0.0193218,-0.0293394,-0.0164882,-0.0261706,0.0350725,-0.0770554,1654439523
0.583136,0.270859,0.203704,0.570929,0.305722,0.123608,-0.894134,0.280678,1.13048,0.0181754,-0.0246567,-0.017766,-0.0122066,0.0348635,-0.0800966,1654439523
0.591882,0.276467,0.228269,0.570651,0.305278,0.123235,-0.889416,0.277356,1.11938,0.0151539,-0.0313725,-0.0158027,-0.0212308,0.0288103,-0.105034,1654439524
0.589009,0.285873,0.228713,0.572864,0.305779,0.122188,-0.884166,0.270936,1.11331,0.00836959,-0.0298342,-0.0166237,-0.0161453,0.0199061,-0.106525,1654439524
0.57912,0.272703,0.232045,0.570978,0.304618,0.123412,-0.878524,0.263929,1.10952,0.0167347,-0.0285127,-0.0121837,-0.00814253,0.031915,-0.108633,1654439525
0.589334,0.274028,0.228762,0.571256,0.303979,0.122862,-0.871707,0.25879,1.10526,0.0187219,-0.0349404,-0.0123397,-0.0180782,0.0299511,-0.105901,1654439525
0.582994,0.265021,0.233738,0.571827,0.303807,0.123101,-0.869151,0.255583,1.10339,0.0258339,-0.0331807,-0.0100679,-0.0111669,0.0387857,-0.110637,1654439525
0.579494,0.266863,0.228919,0.571824,0.304187,0.123266,-0.869041,0.255555,1.10455,0.0240475,-0.0290655,-0.0102528,-0.00766981,0.0373242,-0.105652,1654439526
0.591274,0.274892,0.221985,0.571845,0.303726,0.123104,-0.867785,0.255974,1.10481,0.0165958,-0.0264074,-0.0134475,-0.0194284,0.0288333,-0.0988816,1654439526
0.577798,0.279209,0.224368,0.572007,0.303441,0.123029,-0.866553,0.253156,1.10697,0.0143806,-0.0267147,-0.0143853,-0.00579071,0.0242319,-0.101339,1654439527
0.580893,0.278666,0.231857,0.572375,0.303518,0.123475,-0.86708,0.249363,1.10861,0.0184091,-0.0308718,-0.0135565,-0.00851762,0.0248512,-0.108382,1654439527
0.582625,0.275743,0.226763,0.572468,0.303493,0.123537,-0.866491,0.244873,1.1093,0.0196658,-0.0283705,-0.0154082,-0.0101569,0.0277504,-0.103226,1654439528
0.582291,0.268041,0.231248,0.572529,0.30323,0.123371,-0.868956,0.242971,1.11007,0.0197649,-0.028465,-0.0114061,-0.00976151,0.0351891,-0.107877,1654439528
0.582329,0.275641,0.226351,0.572702,0.302871,0.123239,-0.872684,0.245382,1.10762,0.0163827,-0.0236309,-0.0154994,-0.00962645,0.02723,-0.103112,1654439529
0.586107,0.269661,0.23394,0.572805,0.302736,0.123365,-0.87452,0.248742,1.10679,0.020148,-0.0342916,-0.0142948,-0.0133016,0.0330747,-0.110575,1654439529
0.586142,0.27677,0.237872,0.572866,0.302564,0.123271,-0.876461,0.246214,1.10684,0.0152771,-0.0345191,-0.0149673,-0.0132759,0.0257938,-0.114601,1654439530
0.593617,0.267682,0.236052,0.572952,0.302462,0.123288,-0.88087,0.242287,1.10761,0.026984,-0.0274107,-0.0128164,-0.020665,0.0347794,-0.112764,1654439530
0.562196,0.279449,0.223226,0.572912,0.302505,0.123195,-0.844797,0.225944,1.11207,0.0124331,-0.0260158,-0.00502528,0.0107159,0.0230563,-0.100031,1654439531
0.578105,0.266141,0.214086,0.572456,0.302415,0.12273,-0.780564,0.194691,1.10859,0.0399737,-0.0270723,-0.00707966,-0.00564945,0.036274,-0.0913561,1654439531
0.568435,0.263309,0.207655,0.572405,0.30219,0.122757,-0.718962,0.192032,1.11103,0.0289257,-0.0267702,-0.00537755,0.00396985,0.0388809,-0.0848972,1654439532
0.570258,0.26536,0.215469,0.5726,0.302187,0.122722,-0.660069,0.188797,1.11502,0.0184993,0.000914771,-0.012585,0.00234169,0.0368268,-0.0927471,1654439532
0.555098,0.264359,0.207713,0.573277,0.302072,0.122825,-0.578251,0.175141,1.11798,0.0367463,-0.0231432,-0.0147254,0.0181791,0.0377136,-0.084888,1654439532
0.563263,0.263633,0.202774,0.572248,0.302893,0.123394,-0.506298,0.169145,1.1207,0.0305312,-0.0344392,-0.00768966,0.00898492,0.0392602,-0.0793805,1654439533
0.563631,0.261631,0.200406,0.574691,0.30162,0.123343,-0.455734,0.166703,1.12032,0.0280606,-0.0351608,-0.0131363,0.0110606,0.0399884,-0.0770631,1654439534
0.579149,0.288541,0.211841,0.573926,0.30123,0.122475,-0.41786,0.169252,1.12058,0.0117093,-0.0382263,-0.0242443,-0.00522268,0.0126887,-0.0893662,1654439534
0.574802,0.272838,0.206444,0.572733,0.302494,0.122345,-0.421035,0.174026,1.12414,0.0217362,-0.0262429,-0.0188594,-0.00206912,0.0296566,-0.084099,1654439535
0.578597,0.272732,0.202459,0.57465,0.302083,0.123211,-0.430176,0.176276,1.12377,0.0211217,-0.0261835,-0.00552248,-0.00394738,0.029351,-0.0792478,1654439536
0.58449,0.26251,0.208517,0.575478,0.300286,0.121511,-0.435972,0.170218,1.12173,0.0320865,-0.0326145,-0.00806812,-0.00901139,0.0377759,-0.0870061,1654439537
0.592626,0.256145,0.2325,0.577672,0.302708,0.120776,-0.440479,0.173353,1.11965,0.0333931,-0.0305118,-0.0142766,-0.0149546,0.046563,-0.111724,1654439537
0.507569,0.258884,0.0709901,0.576703,0.301105,0.122375,-0.459985,0.197151,1.1207,0.0217168,-0.081999,-0.0162577,0.0691333,0.0422215,0.0513847,1654439538
0.672222,0.272837,0.202176,0.579005,0.300095,0.122696,-0.824438,0.213678,1.13154,0.0234182,0.0729116,-0.0195767,-0.0932168,0.0272575,-0.0794795,1654439539
0.562872,0.270856,0.178501,0.581161,0.302853,0.121127,-0.988308,0.215235,1.12571,0.0228291,0.0191631,0.0030941,0.0182895,0.0319974,-0.0573739,1654439540
0.580408,0.268173,0.221073,0.581484,0.304256,0.121437,-0.928327,0.202746,1.11683,0.0285657,-0.0267194,0.00754399,0.00107616,0.0360836,-0.0996356,1654439540
0.574813,0.265295,0.219921,0.581236,0.302887,0.121141,-0.865685,0.193609,1.1177,0.0287727,-0.0309652,0.00069378,0.00642246,0.0375918,-0.0987804,1654439541
0.578413,0.263371,0.208137,0.581193,0.302956,0.121145,-0.807086,0.189607,1.12114,0.0295368,-0.0361584,-0.000795013,0.00277954,0.0395858,-0.0869912,1654439542
0.317782,0.267981,0.0162773,0.581186,0.302952,0.121162,-0.74311,0.192536,1.12614,0.0258184,0.0818633,-0.0096968,0.263404,0.0349712,0.104885,1654439542
0.568457,0.270003,0.220531,0.581177,0.302927,0.121141,-0.551316,0.190896,1.11949,0.0293069,-0.0336724,-0.0100625,0.0127199,0.0329248,-0.0993897,1654439543
0.568756,0.262721,0.206523,0.581373,0.302562,0.121471,-0.481998,0.202643,1.12362,0.0274616,-0.02714,-0.0130143,0.0126167,0.0398413,-0.0850517,1654439543
0.57072,0.27121,0.205756,0.581124,0.303234,0.121186,-0.437002,0.214809,1.12596,0.0195952,-0.0389144,-0.0143434,0.0104041,0.032024,-0.0845703,1654439544
0.564647,0.27563,0.203042,0.581196,0.302852,0.121131,-0.406311,0.225535,1.1264,0.0144862,-0.0306799,-0.0140944,0.0165488,0.027222,-0.0819109,1654439544
0.570265,0.281285,0.209071,0.580837,0.303262,0.12121,-0.389055,0.228511,1.12664,0.0111302,-0.0338124,-0.0143126,0.0105723,0.0219765,-0.0878613,1654439545
0.579985,0.283013,0.204776,0.581076,0.302581,0.121077,-0.381056,0.220052,1.12674,0.0114742,-0.0325981,-0.0125584,0.00109088,0.0195684,-0.0836988,1654439545
0.57577,0.273863,0.209498,0.581003,0.302122,0.121052,-0.383116,0.208458,1.12883,0.0203527,-0.0329744,-0.00535669,0.00523287,0.0282581,-0.0884461,1654439545
0.572606,0.28078,0.201238,0.580599,0.303287,0.121154,-0.387272,0.203118,1.12926,0.0207615,-0.0249824,-0.00853873,0.00799328,0.0225069,-0.0800843,1654439546
0.561167,0.284051,0.191457,0.580156,0.301477,0.11969,-0.391175,0.206542,1.1279,0.0154647,-0.0164274,-0.012603,0.0189896,0.0174266,-0.0717677,1654439546
0.596311,0.258863,0.214292,0.581703,0.30277,0.121287,-0.442763,0.212181,1.12918,0.0194282,-0.227184,-0.00171113,-0.0146081,0.0439073,-0.0930051,1654439547
0.61965,0.26516,0.216188,0.581157,0.302348,0.120868,-0.71315,0.21843,1.13393,0.0170082,-0.0778709,-0.0177766,-0.0384934,0.0371884,-0.0953202,1654439547
0.651888,0.267403,0.240707,0.580446,0.303249,0.12117,-1.05855,0.226166,1.13498,0.0113244,-0.0379784,-0.0261627,-0.0714414,0.0358463,-0.119537,1654439548
0.651888,0.267403,0.240707,0.58104,0.301824,0.121058,-1.36783,0.233016,1.12967,0.0110911,-0.0075634,-0.0302643,-0.0708474,0.034422,-0.11965,1654439548
-1.52502,2.47241,2.12091,0.581016,0.30198,0.121099,-1.66262,0.23612,1.12718,3.10259,-0.0824436,-1.51692,2.10603,-2.17043,-1.99981,1654439548
-1.69417,2.62825,2.12116,0.580346,0.30348,0.121555,-1.82621,0.23915,1.12086,3.11359,-0.096642,-1.52338,2.27452,-2.32477,-1.9996,1654439549
0.584429,0.269198,0.251966,0.580085,0.303654,0.121547,-1.86445,0.252726,1.1118,0.0111196,0.0145399,-0.0116027,-0.00434375,0.0344559,-0.130419,1654439549
-1.70318,2.62622,2.07446,0.580068,0.303699,0.12159,-1.81581,0.270579,1.10902,3.10365,-0.0171659,-1.52357,2.28325,-2.32252,-1.95287,1654439550
-1.66765,2.59848,2.09553,0.581023,0.302113,0.121107,-1.76687,0.28517,1.11203,3.10205,-0.0203842,-1.52155,2.24867,-2.29636,-1.97443,1654439550
-1.62882,2.58998,2.11826,0.580929,0.30206,0.121136,-1.72811,0.288467,1.11621,3.10763,-0.0194256,-1.52198,2.20975,-2.28792,-1.99712,1654439551
0.603852,0.263797,0.236185,0.580557,0.303298,0.121129,-1.69559,0.28807,1.1175,0.011692,-0.0338361,-0.0137684,-0.0232947,0.0395008,-0.115056,1654439551
0.619416,0.27953,0.241775,0.580977,0.301704,0.120584,-1.681,0.282779,1.12035,0.00798296,-0.0351618,-0.0161264,-0.038439,0.0221744,-0.121191,1654439552
0.609999,0.272767,0.233222,0.581107,0.301778,0.121148,-1.6795,0.279035,1.12386,0.0101037,-0.0314103,-0.0131341,-0.0288918,0.0290118,-0.112074,1654439552
0.598588,0.274286,0.247989,0.580884,0.303199,0.121164,-1.68547,0.276056,1.12398,0.0141055,-0.0239998,-0.0139479,-0.0177037,0.0289123,-0.126825,1654439552
0.616846,0.258852,0.241394,0.581223,0.302877,0.121157,-1.69292,0.27729,1.12497,0.0137441,-0.0296806,-0.0118924,-0.0356225,0.0440252,-0.120237,1654439553
0.625442,0.271721,0.241405,0.581166,0.302821,0.121138,-1.70334,0.278253,1.12373,0.00873614,-0.023319,-0.012282,-0.044276,0.0311002,-0.120267,1654439553
0.610978,0.286144,0.26226,0.581166,0.302893,0.121136,-1.71295,0.276013,1.12168,0.00707336,-0.0265081,-0.0108952,-0.0298116,0.0167497,-0.141124,1654439554
0.620277,0.259261,0.2189,0.581186,0.302888,0.121123,-1.71528,0.273814,1.11807,0.0112948,-0.0228973,-0.00474989,-0.0390903,0.0436265,-0.0977774,1654439555
-1.6092,2.54675,2.11018,0.581167,0.302908,0.12112,-1.71754,0.274014,1.12088,3.11005,-0.0268113,-1.52423,2.19037,-2.24385,-1.98906,1654439556
0.618592,0.279078,0.225448,0.581174,0.302886,0.121143,-1.71443,0.282725,1.11966,0.0045745,-0.021989,-0.00927269,-0.0374179,0.0238079,-0.104304,1654439556
-1.59398,2.542,2.13223,0.581039,0.303207,0.121131,-1.71411,0.270726,1.12428,3.10709,-0.0242827,-1.5259,2.17501,-2.2388,-2.0111,1654439557
0.403532,0.277706,-0.0230276,0.581219,0.302902,0.12111,-1.62155,0.266823,1.12735,0.0190832,0.0732057,-0.0244476,0.177688,0.025196,0.144137,1654439558
0.579813,0.302623,0.25519,0.581211,0.302882,0.121111,-1.36491,0.293462,1.12929,-0.00748648,-0.0644631,-0.0153865,0.00139827,0.000259519,-0.134078,1654439558
-1.17178,2.10373,2.14757,0.581155,0.303183,0.121119,-1.26515,0.282569,1.1351,3.11118,-0.0180445,-1.53471,1.75294,-1.80055,-2.02645,1654439559
0.592823,0.280074,0.199478,0.580819,0.303686,0.121155,-1.20027,0.266411,1.13759,0.018086,-0.0310411,-0.00785094,-0.012004,0.0236126,-0.0783232,1654439560
-1.09959,2.0144,2.13414,0.581308,0.303042,0.121104,-1.18304,0.271491,1.13833,3.11488,-0.0179712,-1.53371,1.6809,-1.71136,-2.01304,1654439561
-1.03488,1.95725,2.14147,0.581286,0.303129,0.121105,-1.14788,0.304018,1.13908,3.08142,-0.0271294,-1.52477,1.61616,-1.65412,-2.02036,1654439561
0.554391,0.265303,0.247951,0.58145,0.302877,0.121486,-1.04709,0.3238,1.13201,-0.00275743,-0.0287975,-0.00990881,0.0270583,0.0375744,-0.126465,1654439562
0.563739,0.317435,0.228806,0.581397,0.303103,0.121229,-0.947364,0.318155,1.12694,-0.0300562,-0.0328224,-0.00985176,0.0176575,-0.0143327,-0.107576,1654439563
0.578074,0.354076,0.226211,0.581342,0.303041,0.121125,-0.862097,0.151744,1.12085,-0.00726349,-0.0354639,-0.00153837,0.00326824,-0.0510344,-0.105086,1654439563
0.584869,0.310839,0.204444,0.581307,0.303107,0.121452,-0.792034,-0.14474,1.11779,-0.0147437,-0.0154147,-0.00490913,-0.00356251,-0.00773221,-0.0829916,1654439564
0.600033,0.305617,0.21315,0.581327,0.302997,0.121149,-0.745951,-0.399974,1.11616,-0.00976165,-0.0351891,-0.0177929,-0.0187056,-0.00261995,-0.0920009,1654439564
0.600033,0.305617,0.21315,0.580449,0.304656,0.121642,-0.694239,-0.694508,1.11359,0.0785064,-0.0201081,-0.0248599,-0.0195837,-0.000961065,-0.0915077,1654439565
0.600033,0.305617,0.21315,0.578642,0.30602,0.122261,-0.638755,-0.87508,1.12019,0.0573528,-0.0175873,-0.0317234,-0.0213912,0.000403166,-0.0908884,1654439566
0.600033,0.305617,0.21315,0.577772,0.306416,0.121187,-0.512964,-0.896312,1.13041,0.0112973,-0.0392522,-0.0324266,-0.0222609,0.000798672,-0.0919627,1654439566
0.600033,0.305617,0.21315,0.574278,0.308611,0.121792,-0.49137,-0.880256,1.1313,0.0010934,-0.0258497,-0.0236875,-0.025755,0.00299391,-0.0913578,1654439567
0.600033,0.305617,0.21315,0.576001,0.307331,0.121504,-0.47014,-0.862782,1.13187,-0.000231294,-0.0255784,-0.0122057,-0.0240318,0.00171411,-0.0916454,1654439568
0.600033,0.305617,0.21315,0.577286,0.307277,0.121482,-0.452267,-0.861572,1.12926,0.000101195,-0.0198414,-0.0088306,-0.022747,0.00166029,-0.0916677,1654439568
0.600033,0.305617,0.21315,0.577028,0.306958,0.121052,-0.438379,-0.875081,1.12346,0.0136568,-0.0315929,-0.0114182,-0.023005,0.0013406,-0.0920977,1654439569
0.600033,0.305617,0.21315,0.574765,0.306359,0.12161,-0.436572,-0.877144,1.11836,0.0149777,-0.0188304,-0.0236849,-0.0252678,0.00074169,-0.0915394,1654439569
0.600033,0.305617,0.21315,0.574319,0.305764,0.119824,-0.443724,-0.870694,1.11757,0.000835085,-0.0343613,-0.0229762,-0.0257144,0.000147015,-0.0933256,1654439569
0.600033,0.305617,0.21315,0.578978,0.30255,0.121455,-0.457472,-0.864936,1.1169,0.0156215,-0.00601429,-0.020676,-0.0210553,-0.0030672,-0.0916946,1654439570
0.600033,0.305617,0.21315,0.5748,0.305821,0.121456,-0.467399,-0.843231,1.12257,-0.00334212,-0.0239013,-0.0215706,-0.0252328,0.000204027,-0.0916942,1654439571
0.600033,0.305617,0.21315,0.577913,0.303566,0.121342,-0.465169,-0.839298,1.12162,0.00266603,-0.0148794,-0.0101589,-0.0221201,-0.00205079,-0.0918081,1654439572
0.600033,0.305617,0.21315,0.579031,0.302207,0.121458,-0.405214,-0.745101,1.1221,0.0625708,-0.0178859,-0.0098774,-0.021002,-0.0034098,-0.0916914,1654439572
0.600033,0.305617,0.21315,0.578684,0.302747,0.121456,-0.334291,-0.524164,1.13208,-0.0315756,-0.0364631,0.0010494,-0.0213487,-0.0028702,-0.0916935,1654439573
0.564615,0.286187,0.177172,0.578548,0.301538,0.122162,-0.258053,-0.432697,1.12697,-0.0181446,-0.011024,0.00106505,0.0139334,0.0153505,-0.0550102,1654439573
0.550268,0.216397,0.170962,0.579356,0.301787,0.121455,-0.17245,-0.426453,1.11916,0.0410685,-0.0307548,0.0173939,0.0290886,0.0853893,-0.0495069,1654439574
0.0400081,-0.414841,1.0837,0.577851,0.303891,0.120787,-0.0881092,-0.411876,1.12059,0.0271626,-0.0368669,0.0143198,0.537842,0.718732,-0.962914,1654439575
0.0400081,-0.414841,1.0837,0.574524,0.306825,0.121156,-0.0588118,-0.410406,1.12324,0.0202334,-0.0308648,-0.00735329,0.534516,0.721666,-0.962545,1654439576
0.600667,0.28595,0.193507,0.577608,0.30327,0.121229,-0.0798035,-0.409172,1.12778,0.0128376,-0.0269634,-0.0157302,-0.0230591,0.01732,-0.0722781,1654439576
0.593459,0.27369,0.187388,0.578051,0.302895,0.121848,-0.116445,-0.415793,1.12969,0.0163951,-0.0239554,-0.012605,-0.0154088,0.0292048,-0.0655406,1654439577
0.591896,0.269473,0.193738,0.577695,0.303987,0.121737,-0.149558,-0.396784,1.13455,0.00982639,-0.0202078,-0.0128556,-0.0142005,0.0345137,-0.0720016,1654439578
0.591896,0.269473,0.193738,0.584826,0.303724,0.122604,-0.162518,-0.377985,1.13256,0.0170817,-0.00776133,0.00681899,-0.00707036,0.0342514,-0.0711344,1654439578
0.581579,0.276382,0.186113,0.587422,0.302047,0.122553,-0.148495,-0.356922,1.12884,0.00533998,-0.0304704,-0.01234,0.00584239,0.0256653,-0.06356,1654439579
0.574039,0.277431,0.182456,0.585096,0.311179,0.120519,-0.136027,-0.350987,1.13282,0.0101143,-0.0192402,-0.00692079,0.0110562,0.0337483,-0.0619371,1654439580
0.584428,0.254607,0.174062,0.582988,0.311709,0.121048,-0.129831,-0.366371,1.13193,0.0308944,-0.0217961,-0.000730695,-0.00143933,0.0571023,-0.0530136,1654439581
0.584428,0.254607,0.174062,0.588221,0.306878,0.121402,-0.12122,-0.371064,1.13082,0.022962,-0.0223467,0.00143338,0.00379306,0.0522714,-0.0526603,1654439581
0.584073,0.28387,0.201578,0.584108,0.316114,0.120029,-0.110504,-0.38643,1.12555,0.0127302,-0.0296852,-0.0207948,3.55244e-05,0.0322433,-0.0815488,1654439582
0.64006,0.254103,0.218153,0.585451,0.312032,0.120538,-0.0997273,-0.388755,1.12775,0.0245465,-0.0780606,-0.00682323,-0.0546087,0.0579296,-0.0976141,1654439583
0.608406,0.282075,0.186118,0.564236,0.27309,0.0777905,-0.190212,-0.385449,1.13122,0.00977243,-0.0843028,-0.0167234,-0.0441703,-0.00898474,-0.108327,1654439583
0.647101,0.288999,0.218734,0.559199,0.280007,0.0759726,-0.389483,-0.385347,1.13525,0.00705145,-0.0818352,-0.0165172,-0.0879022,-0.00899175,-0.142762,1654439584
0.630476,0.287003,0.212596,0.562002,0.297314,0.11499,-0.638941,-0.379158,1.13578,0.00415771,0.0258124,-0.0146413,-0.0684736,0.0103113,-0.0976052,1654439584
0.630476,0.287003,0.212596,0.563859,0.294988,0.115232,-0.746858,-0.369128,1.12811,0.00685682,0.0264242,-0.0202903,-0.066617,0.00798473,-0.0973632,1654439585
0.630476,0.287003,0.212596,0.591652,0.310479,0.123652,-0.715081,-0.346123,1.12237,0.0227844,-0.0331918,-0.00248967,-0.0388235,0.0234759,-0.0889434,1654439585
0.597509,0.280676,0.212474,0.591216,0.311155,0.123489,-0.678079,-0.320074,1.11665,0.00484788,-0.0607979,-0.0225697,-0.00629246,0.0304795,-0.0889845,1654439586
0.646356,0.218706,0.202176,0.591411,0.310844,0.123565,-0.746929,-0.297024,1.12028,0.02772,-0.0879536,-0.00265191,-0.0549446,0.0921377,-0.0786109,1654439586
0.646356,0.218706,0.202176,0.591561,0.310654,0.123586,-0.951996,-0.281437,1.12472,0.0080642,-0.0362797,-0.0209805,-0.0547949,0.0919478,-0.0785898,1654439587
0.646356,0.218706,0.202176,0.591459,0.310901,0.123512,-1.16607,-0.277991,1.12606,0.0177153,0.0226064,-0.0153007,-0.0548975,0.0921944,-0.0786645,1654439588
0.646356,0.218706,0.202176,0.591648,0.310573,0.123596,-1.23277,-0.272049,1.12022,0.0140633,0.0108516,-0.0179658,-0.0547082,0.0918664,-0.0785798,1654439588
0.591825,0.287665,0.221782,0.592421,0.30935,0.123904,-1.19154,-0.269739,1.11711,0.0140811,-0.031074,-0.0178607,0.000595272,0.0216848,-0.0978779,1654439589
0.587445,0.279178,0.231749,0.592516,0.309143,0.123922,-1.13163,-0.263761,1.11568,0.0228477,-0.0109733,-0.0170851,0.00507104,0.0299651,-0.107827,1654439589
0.587445,0.279178,0.231749,0.592472,0.30926,0.123902,-1.05873,-0.252922,1.11694,-0.00207643,-0.0331907,-0.0150343,0.00502729,0.030082,-0.107847,1654439590
0.587445,0.279178,0.231749,0.591833,0.310415,0.123712,-0.984226,-0.263789,1.11686,0.0182815,-0.0355567,-0.0113839,0.00438839,0.0312375,-0.108038,1654439590
0.587445,0.279178,0.231749,0.592399,0.309512,0.123866,-0.921445,-0.280704,1.11739,0.0158239,-0.0356482,-0.00998263,0.00495428,0.030334,-0.107883,1654439591
0.587445,0.279178,0.231749,0.592482,0.309411,0.123946,-0.891255,-0.287335,1.12145,0.0182373,-0.0397571,-0.00803841,0.00503737,0.0302338,-0.107803,1654439591
0.587445,0.279178,0.231749,0.592569,0.309129,0.123945,-0.878774,-0.286155,1.12582,0.0283891,-0.0463092,-0.00231903,0.00512391,0.0299509,-0.107804,1654439592
0.607722,0.27385,0.2083,0.592167,0.309794,0.12379,-0.873509,-0.280937,1.12468,0.021275,-0.0376364,-0.0177669,-0.0155555,0.0359444,-0.0845099,1654439592
0.602783,0.247847,0.206732,0.591824,0.308444,0.123489,-0.885599,-0.2735,1.12647,0.0242622,-0.0294721,-0.00517069,-0.0109581,0.0605973,-0.0832423,1654439593
0.602783,0.247847,0.206732,0.592657,0.307452,0.123766,-0.898676,-0.259051,1.12538,0.0251403,-0.0279104,0.00237409,-0.0101259,0.0596048,-0.0829654,1654439593
0.597837,0.272228,0.213668,0.594023,0.307894,0.124772,-0.906157,-0.245335,1.12391,0.0122978,-0.0286911,-0.00627984,-0.00381428,0.0356667,-0.0888964,1654439594
0.603457,0.27029,0.229124,0.593306,0.306198,0.123978,-0.912178,-0.235703,1.12554,0.00695517,-0.0284299,-0.0107045,-0.0101513,0.035908,-0.105146,1654439594
0.603457,0.27029,0.229124,0.593139,0.306532,0.123909,-0.914463,-0.246698,1.12602,0.0194361,-0.0208861,-0.00694979,-0.0103184,0.0362414,-0.105215,1654439595
0.603457,0.27029,0.229124,0.59245,0.309493,0.123876,-0.909511,-0.252242,1.12612,0.0149341,-0.0387871,-0.00399509,-0.0110073,0.0392022,-0.105248,1654439596
0.603457,0.27029,0.229124,0.593294,0.306315,0.12391,-0.910183,-0.251234,1.12683,0.0219117,-0.0245261,-0.0180163,-0.0101632,0.0360249,-0.105214,1654439597
0.603457,0.27029,0.229124,0.59322,0.306385,0.123934,-0.911916,-0.246488,1.1314,0.029168,-0.0336311,-0.00665868,-0.0102371,0.0360943,-0.10519,1654439597
0.603457,0.27029,0.229124,0.593371,0.306079,0.124,-0.918492,-0.233428,1.13054,0.0152897,-0.0237395,-0.00720721,-0.0100859,0.0357885,-0.105124,1654439598
0.603457,0.27029,0.229124,0.59336,0.306088,0.12393,-0.920985,-0.232364,1.13204,0.0185649,-0.0306254,-0.00343801,-0.0100971,0.0357974,-0.105194,1654439599
0.603457,0.27029,0.229124,0.592924,0.306831,0.123786,-0.915294,-0.218047,1.13017,0.0105764,-0.0304462,-0.00357354,-0.0105329,0.0365402,-0.105338,1654439600
0.603457,0.27029,0.229124,0.593249,0.306312,0.123911,-0.93497,-0.190495,1.13123,0.00345972,-0.0342867,-0.00825368,-0.0102082,0.0360216,-0.105213,1654439600
0.664074,0.276286,0.129123,0.593448,0.305864,0.123989,-0.985664,-0.181042,1.1291,0.0122361,-0.103804,-0.00784498,-0.0706266,0.0295784,-0.0051341,1654439601
0.730179,0.294189,0.256461,0.59339,0.305896,0.123946,-1.34629,-0.175501,1.13031,0.0120502,0.0458999,-0.0163797,-0.136789,0.0117074,-0.132515,1654439601
0.730179,0.294189,0.256461,0.593429,0.305917,0.12394,-1.55924,-0.168076,1.12492,0.00516731,0.0324782,-0.00686659,-0.13675,0.0117287,-0.132522,1654439602
0.730179,0.294189,0.256461,0.593456,0.305951,0.123979,-1.50757,-0.171759,1.11457,0.01103,-0.0344419,-0.00817633,-0.136723,0.0117621,-0.132483,1654439603
0.730179,0.294189,0.256461,0.593447,0.305872,0.123951,-1.44031,-0.166511,1.11587,0.0151054,-0.0255976,-0.0163097,-0.136731,0.011683,-0.13251,1654439603
0.607562,0.281188,0.219017,0.593408,0.305933,0.123981,-1.41514,-0.154889,1.11977,0.00476269,-0.0286579,-0.0153614,-0.0141537,0.0247453,-0.0950359,1654439604
-1.26741,-0.149081,1.08633,0.593385,0.305931,0.123939,-1.3951,-0.150613,1.12477,0.00749012,-0.0248761,-0.0144318,1.8608,0.455012,-0.962394,1654439604
-1.26741,-0.149081,1.08633,0.593445,0.30587,0.12397,-1.38293,-0.161248,1.13001,0.0113315,-0.0201008,-0.0213377,1.86086,0.454951,-0.962363,1654439604
0.618148,0.30031,0.221687,0.593449,0.30588,0.123926,-1.37172,-0.176839,1.13258,0.0190284,-0.0316314,-0.026432,-0.0246997,0.0055705,-0.0977614,1654439605
0.618148,0.30031,0.221687,0.593445,0.305799,0.12395,-1.37006,-0.181419,1.1325,0.0220845,-0.0317381,-0.023873,-0.024703,0.00548965,-0.0977376,1654439605
0.614153,0.282938,0.217369,0.593389,0.305835,0.123962,-1.37682,-0.173114,1.13402,0.0155784,-0.027978,-0.0168883,-0.020764,0.0228966,-0.093407,1654439606
0.614629,0.290565,0.222304,0.59347,0.305768,0.123917,-1.38565,-0.16267,1.13341,0.00709197,-0.028027,-0.0159376,-0.0211594,0.0152028,-0.0983864,1654439606
-1.26842,-0.152939,1.09231,0.593039,0.30657,0.123811,-1.39618,-0.154168,1.13053,0.0142253,-0.0265481,-0.0142465,1.86146,0.459509,-0.968498,1654439607
-1.27425,-0.146834,1.08948,0.593241,0.305582,0.123922,-1.40204,-0.147676,1.12758,0.0137613,-0.0274677,-0.0110694,1.86749,0.452416,-0.965553,1654439607
0.620939,0.288073,0.221008,0.593329,0.305496,0.123888,-1.40773,-0.140935,1.12555,0.00348691,-0.0250123,-0.008165,-0.0276101,0.0174231,-0.0971197,1654439607
0.614117,0.288198,0.216258,0.593179,0.305683,0.123788,-1.41259,-0.132737,1.12512,0.00874219,-0.0215542,-0.0120136,-0.0209379,0.0174852,-0.0924701,1654439608
0.750644,0.324718,0.164522,0.59346,0.305775,0.123964,-1.41517,-0.128091,1.12298,0.0101221,-0.0248665,-0.0136598,-0.157185,-0.0189424,-0.0405579,1654439608
0.750644,0.324718,0.164522,0.593451,0.305639,0.123908,-1.42047,-0.124656,1.12146,0.0086297,-0.0219844,-0.0194294,-0.157194,-0.0190788,-0.0406144,1654439609
0.663792,0.308332,0.200308,0.593455,0.305653,0.123967,-1.42189,-0.119575,1.12313,0.011043,-0.0203471,-0.0211649,-0.0703372,-0.00267932,-0.0763404,1654439609
0.663792,0.308332,0.200308,0.590722,0.305624,0.122954,-1.41505,-0.108972,1.12313,0.000544695,-0.0232478,-0.0132143,-0.0730705,-0.00270814,-0.0773537,1654439610
0.681022,0.300782,0.189016,0.59079,0.305489,0.122936,-1.40658,-0.102496,1.12339,-0.00883153,0.0120233,-0.0111304,-0.0902312,0.00470659,-0.0660801,1654439610
0.608408,0.300092,0.213244,0.59073,0.305663,0.122932,-1.3686,-0.137978,1.12392,-0.0275762,-0.0149402,-0.0099414,-0.0176783,0.00557095,-0.0903124,1654439610
0.602291,0.280053,0.210714,0.591303,0.306013,0.122694,-1.32017,-0.21657,1.119,0.0610614,-0.0223339,-0.0023321,-0.0109886,0.0259603,-0.0880204,1654439611
0.614358,0.285481,0.216217,0.591251,0.306025,0.122682,-1.26692,-0.237263,1.1222,0.0193,-0.0210214,-0.0098533,-0.0231064,0.0205442,-0.0935353,1654439611
0.599746,0.282121,0.212967,0.590674,0.30559,0.12294,-1.21722,-0.236113,1.1235,0.0145385,-0.0287125,-0.0129145,-0.00907195,0.0234683,-0.0900268,1654439612
0.601188,0.283494,0.219234,0.590644,0.305825,0.122933,-1.18103,-0.232661,1.12497,0.0140306,-0.0329255,-0.0163783,-0.0105444,0.0223314,-0.0963012,1654439612
0.610695,0.28739,0.221314,0.590758,0.305588,0.122926,-1.1615,-0.223497,1.12585,0.0126436,-0.0308467,-0.0168238,-0.019937,0.0181979,-0.0983886,1654439613
0.610695,0.28739,0.221314,0.59129,0.305969,0.122658,-1.15352,-0.214485,1.12646,0.0101782,-0.0253612,-0.0139189,-0.0194049,0.0185793,-0.098656,1654439613
0.611985,0.286939,0.225253,0.591283,0.30605,0.122669,-1.14939,-0.207277,1.12663,0.00778945,-0.0283577,-0.0147275,-0.0207024,0.0191109,-0.102585,1654439614
0.595678,0.278137,0.231949,0.591215,0.306005,0.12256,-1.14178,-0.192836,1.12691,0.00656438,-0.0247266,-0.010199,-0.00446314,0.0278687,-0.109389,1654439615
0.6163,0.289622,0.218269,0.591314,0.306026,0.122616,-1.14133,-0.177934,1.12602,0.00579336,-0.0265319,-0.0150804,-0.0249863,0.0164033,-0.0956525,1654439615
0.547353,0.293967,0.189139,0.591153,0.306383,0.12261,-1.13524,-0.166264,1.12574,0.0888542,0.00156312,-0.0115523,0.0438008,0.0124163,-0.0665281,1654439616
0.528221,0.28569,0.0357269,0.591315,0.306039,0.122575,-1.07471,0.108791,1.13552,-0.0461774,-0.117966,-0.0109535,0.063094,0.0203492,0.0868485,1654439617
0.706932,0.245181,0.233188,0.59123,0.306284,0.122552,-1.39673,0.259073,1.13688,-0.00439442,0.0564609,-0.0113067,-0.115703,0.0611029,-0.110636,1654439617
0.706932,0.245181,0.233188,0.591357,0.306023,0.122593,-1.62923,0.339558,1.13173,3.08953,-0.0870965,-1.52112,-0.115575,0.0608413,-0.110594,1654439618
0.706932,0.245181,0.233188,0.593802,0.307045,0.122827,-1.57447,0.364832,1.11865,0.0027007,-0.0238713,-0.00803075,-0.113131,0.061864,-0.11036,1654439619
0.585775,0.277967,0.244277,0.59128,0.305979,0.122573,-1.49944,0.359105,1.11653,0.00800725,-0.0347124,-0.0055062,0.00550479,0.0280114,-0.121703,1654439619
0.585296,0.268942,0.23058,0.591329,0.306019,0.12262,-1.46031,0.35083,1.11626,0.0125369,-0.0291474,-0.0120678,0.00603306,0.0370773,-0.10796,1654439620
0.585296,0.268942,0.23058,0.591274,0.306162,0.122558,-1.45228,0.352841,1.11979,0.00968982,-0.027054,-0.021704,0.00597727,0.0372203,-0.108023,1654439621
0.585296,0.268942,0.23058,0.591262,0.305953,0.122626,-1.45121,0.356005,1.12409,0.00755373,-0.0225409,-0.0181557,0.00596577,0.037011,-0.107954,1654439622
0.585296,0.268942,0.23058,0.594199,0.307269,0.122798,-1.44536,0.360539,1.12842,0.00520622,-0.0218834,-0.0156257,0.00890243,0.0383272,-0.107782,1654439622
0.585296,0.268942,0.23058,0.591303,0.306027,0.122603,-1.4352,0.36165,1.12925,3.10385,-0.0241238,-1.52414,0.00600624,0.0370851,-0.107977,1654439623
0.600735,0.265619,0.251379,0.591027,0.305944,0.122626,-1.4336,0.360347,1.12974,0.0208264,-0.0323059,-0.00674018,-0.00970745,0.0403248,-0.128753,1654439623
0.589205,0.282518,0.239623,0.594102,0.307213,0.122809,-1.44397,0.362477,1.1323,0.00656075,-0.0244719,-0.00213232,0.00489664,0.0246948,-0.116815,1654439624
0.589205,0.282518,0.239623,0.591134,0.305957,0.122573,-1.46178,0.36374,1.13633,3.09654,-0.0316213,-1.53506,0.00192916,0.0234389,-0.117051,1654439624
0.589205,0.282518,0.239623,0.591313,0.306033,0.122578,-1.44962,0.347035,1.13811,3.05999,-0.0336182,-1.53616,0.00210768,0.0235149,-0.117045,1654439625
-1.27484,2.21479,2.13349,0.591349,0.306036,0.122564,-1.4085,0.262369,1.13281,3.11701,-0.030181,-1.53498,1.86619,-1.90876,-2.01092,1654439625
-1.27484,2.21479,2.13349,0.5913,0.305976,0.122603,-1.35629,0.197995,1.12868,0.025213,-0.0231321,-0.00622499,1.86614,-1.90882,-2.01088,1654439626
0.600004,0.283335,0.227993,0.591309,0.30604,0.122594,-1.30891,0.180983,1.13068,-0.000380109,-0.0158687,-0.00615186,-0.0086953,0.0227052,-0.1054,1654439626
-1.03622,1.96871,2.12746,0.591373,0.306073,0.122569,-1.26289,0.155006,1.13378,3.09326,-0.0282598,-1.53672,1.62759,-1.66264,-2.00489,1654439627
-1.03622,1.96871,2.12746,0.593248,0.30672,0.122885,-1.20925,0.112321,1.13237,0.011349,-0.0137703,0.00186483,1.62946,-1.66199,-2.00457,1654439627
0.606903,0.276663,0.216089,0.590867,0.306759,0.12253,-1.15704,0.0796974,1.13197,0.0299465,-0.0220861,-0.00331297,-0.0160366,0.0300956,-0.093559,1654439628
0.589527,0.301216,0.223124,0.591366,0.306171,0.122928,-1.09029,0.073053,1.13341,0.0105402,-0.0317472,-0.0107402,0.0018388,0.00495556,-0.100195,1654439628
0.608165,0.28866,0.209469,0.591351,0.306106,0.122563,-1.04822,0.0713609,1.13288,0.0235335,-0.0329664,-0.0104821,-0.0168134,0.017446,-0.0869057,1654439628
0.597455,0.279795,0.202958,0.591371,0.306,0.122599,-1.01964,0.0812704,1.13659,0.0141783,-0.0237445,-0.00688763,-0.00608432,0.0262042,-0.0803593,1654439629
0.597878,0.26164,0.210753,0.59112,0.306506,0.1225,-1.00757,0.0882387,1.13411,0.0280929,-0.0259914,0.00192909,-0.00675744,0.0448662,-0.0882533,1654439630
0.603206,0.283016,0.219257,0.59128,0.306255,0.122539,-1.00763,0.0925467,1.13269,0.0149034,-0.026598,-0.00884523,-0.0119259,0.023239,-0.0967182,1654439630
0.611978,0.29944,0.216185,0.591371,0.306098,0.12258,-1.01365,0.0994776,1.13105,0.00747637,-0.0246739,-0.011996,-0.0206068,0.00665775,-0.0936049,1654439631
0.606668,0.281771,0.221883,0.59138,0.306081,0.122575,-1.01963,0.104913,1.12819,0.0191049,-0.0295271,-0.0104604,-0.0152882,0.0243098,-0.0993077,1654439631
0.59991,0.293637,0.21423,0.591379,0.306101,0.122531,-1.0254,0.111965,1.12813,0.00816094,-0.0203342,-0.0177722,-0.00853145,0.0124638,-0.0916987,1654439632
0.615494,0.280967,0.246328,0.591316,0.306258,0.122569,-1.0294,0.122556,1.12728,0.00657095,0.000628814,-0.0159692,-0.0241774,0.0252905,-0.123759,1654439632
0.589833,0.257663,0.213379,0.591268,0.306368,0.12253,-0.995193,0.12816,1.12673,0.0270551,-0.0245496,-0.0128135,0.00143558,0.0487054,-0.0908484,1654439633
0.599461,0.271177,0.20523,0.591369,0.306212,0.122531,-0.94428,0.139948,1.12702,0.0129736,-0.0199768,-0.0128221,-0.00809222,0.0350351,-0.0826982,1654439633
0.593569,0.28118,0.21874,0.591448,0.30611,0.122556,-0.895309,0.136913,1.12702,0.0166224,-0.0272262,-0.0158026,-0.00212055,0.02493,-0.0961845,1654439634
0.56274,0.291663,0.214302,0.591376,0.306128,0.122587,-0.825401,0.128276,1.12727,0.00190851,-0.0294777,-0.0115995,0.0286365,0.0144645,-0.0917158,1654439634
0.552301,0.291531,0.196599,0.59133,0.30621,0.122539,-0.727938,0.0972471,1.12642,0.00483785,-0.0239777,0.00126097,0.0390295,0.0146792,-0.0740593,1654439635
0.566242,0.296427,0.24295,0.591096,0.306565,0.122583,-0.632632,0.0392709,1.12293,0.00948345,-0.0327394,-0.00715038,0.0248542,0.0101382,-0.120367,1654439636
0.572979,0.281847,0.23715,0.590714,0.305524,0.122842,-0.546813,-0.0169716,1.12351,0.0202421,-0.0346101,0.00813694,0.0177341,0.0236772,-0.114307,1654439637
0.55704,0.29103,0.194129,0.591296,0.306038,0.122624,-0.457102,-0.0862578,1.12379,0.0166,-0.0248321,0.00166572,0.0342567,0.0150074,-0.0715049,1654439637
0.552957,0.251776,0.176103,0.591334,0.305949,0.122656,-0.370623,-0.141429,1.1217,0.0443035,-0.0216864,-0.00858825,0.0383765,0.054173,-0.0534473,1654439638
0.556716,0.275856,0.169063,0.59082,0.305784,0.122914,-0.289919,-0.130793,1.12354,-0.00834706,-0.0152022,-0.0047663,0.0341033,0.029928,-0.046149,1654439639
0.565073,0.300324,0.183058,0.590706,0.305713,0.122906,-0.203914,-0.198418,1.12643,0.00465096,-0.0219695,-0.00414991,0.0256331,0.00538886,-0.0601525,1654439639
0.55593,0.31592,0.203316,0.589814,0.306885,0.12281,-0.110944,-0.338139,1.12182,0.0107287,-0.0172278,-0.0182227,0.0338841,-0.00903544,-0.0805061,1654439640
0.55593,0.31592,0.203316,0.59089,0.309903,0.122518,-0.0143398,-0.502641,1.12286,0.0146703,-0.0120415,-0.0150409,0.0349597,-0.00601721,-0.080798,1654439641
0.55593,0.31592,0.203316,0.580738,0.305254,0.12231,0.0928921,-0.673304,1.12515,-0.00767963,-0.0240886,-0.0238296,0.0248083,-0.0106662,-0.081006,1654439642
0.55593,0.31592,0.203316,0.581905,0.306709,0.122416,0.200803,-0.856355,1.12741,0.0441908,-0.0274246,-0.0135985,0.0259745,-0.00921103,-0.0808996,1654439642
0.55593,0.31592,0.203316,0.582475,0.307083,0.122309,0.25882,-0.897358,1.13061,0.04009,-0.0168614,-0.0170107,0.0265449,-0.00883728,-0.0810062,1654439643
0.55593,0.31592,0.203316,0.582793,0.306965,0.12223,0.165113,-0.718612,1.13527,0.0543712,-0.135184,-0.00343554,0.0268631,-0.00895497,-0.0810858,1654439644
1.72981,0.13559,0.78325,0.582303,0.306609,0.122356,-0.22915,-0.507798,1.14314,-0.0296412,-0.211175,-0.0333755,-1.1475,0.171019,-0.660894,1654439645
0.647968,0.276435,0.22318,0.584603,0.310083,0.120318,-1.43838,-0.205744,1.13202,0.0229926,0.0530852,-0.029042,-0.0633651,0.0336482,-0.102863,1654439645
0.633593,0.281133,0.227948,0.585389,0.309621,0.120324,-1.55485,-0.0782519,1.11412,-0.0249913,0.031971,-0.029882,-0.0482042,0.0284876,-0.107624,1654439646
-1.12212,2.0803,2.08728,0.588881,0.306103,0.120474,-1.52793,-0.0160697,1.10478,3.09262,-0.0595308,-1.51564,1.711,-1.7742,-1.96681,1654439646
0.595121,0.2877,0.226205,0.589713,0.304154,0.120661,-1.44082,0.014808,1.09579,0.00396458,-0.0435247,-0.0253486,-0.00540775,0.0164547,-0.105545,1654439647
0.60048,0.292267,0.233737,0.589238,0.305128,0.120987,-1.36351,0.0307599,1.09914,0.00805445,-0.0322954,-0.0260943,-0.011242,0.0128603,-0.11275,1654439647
0.614585,0.282247,0.221296,0.590357,0.30225,0.124687,-1.2896,0.0498798,1.10678,0.00602928,-0.0452835,-0.0159937,-0.0242285,0.0200029,-0.0966093,1654439647
0.597535,0.290688,0.224682,0.587148,0.302834,0.125468,-1.24706,0.0555127,1.11485,0.000600427,-0.042026,-0.00734044,-0.0103868,0.0121463,-0.0992145,1654439648
0.597535,0.290688,0.224682,0.591131,0.302368,0.125368,-1.23122,0.0456292,1.09658,0.00188224,-0.0374235,-0.0122787,-0.00640392,0.01168,-0.0993146,1654439648
0.586822,0.30053,0.280993,0.590606,0.30261,0.126407,-1.23379,0.0304411,0.947505,0.00869769,-0.0255615,-0.012191,0.00378406,0.00207925,-0.154587,1654439649
0.57862,0.299058,0.27433,0.592711,0.303024,0.123997,-1.23957,0.0136684,0.708078,0.0130341,-0.037749,-0.0120792,0.0140905,0.00396562,-0.150333,1654439649
0.569052,0.280166,0.260548,0.591903,0.304392,0.123919,-1.24905,0.0036085,0.533652,0.024195,-0.0225356,-0.00821184,0.0228508,0.0242256,-0.13663,1654439650
0.567813,0.291218,0.251122,0.592534,0.302836,0.12403,-1.26321,-0.0028699,0.412658,0.0172714,-0.0221888,-0.0145021,0.0247206,0.0116181,-0.127091,1654439650
0.563126,0.287447,0.268605,0.592601,0.303211,0.124074,-1.27084,-0.00613732,0.350377,0.0208363,-0.0262789,-0.0103391,0.0294751,0.015764,-0.144531,1654439651
0.552093,0.294132,0.241919,0.592533,0.302909,0.123461,-1.27279,-0.00832883,0.289528,0.0204965,-0.0199663,-0.00487573,0.0404405,0.00877738,-0.118458,1654439651
0.552093,0.294132,0.241919,0.591299,0.302394,0.124946,-1.25543,-0.0182514,0.228471,0.0433763,-0.0230397,-7.47224e-05,0.039206,0.00826189,-0.116973,1654439651
0.552093,0.294132,0.241919,0.57519,0.305461,0.129213,-1.23022,-0.0165476,0.191284,0.0187071,-0.0396854,0.00206267,0.0230975,0.0113288,-0.112706,1654439652
0.552093,0.294132,0.241919,0.591245,0.302315,0.124967,-1.20218,-0.00500417,0.157434,0.0238472,-0.0448145,0.00234964,0.0391522,0.00818291,-0.116952